19
335.0 455.0 10.0
537.0 657.0 10.0
375.0 495.0 10.0
146.0 266.0 10.0
149.0 269.0 10.0
194.0 314.0 10.0
246.0 366.0 10.0
165.0 285.0 10.0
80.0 200.0 10.0
440.0 560.0 10.0
326.0 446.0 10.0
397.0 517.0 10.0
39.0 159.0 10.0
11.0 131.0 10.0
566.0 686.0 10.0
268.0 388.0 10.0
268.0 388.0 10.0
105.0 225.0 10.0
344.0 464.0 10.0
0.0000 45.1774 35.0571 35.0000 57.0088 55.7136 52.2015 52.0000 50.2892 51.4782 38.0526 33.5410 26.9258 39.0512 11.1803 13.0384 25.2982 42.9418 19.2354 35.4683
45.1774 0.0000 10.1980 10.7703 59.1692 54.1202 54.9181 50.6063 53.2541 45.6180 7.2801 18.6011 24.4131 25.8070 36.1386 32.1403 42.0595 17.4642 26.9258 26.1725
35.0571 10.1980 0.0000 2.0000 56.6480 52.2015 52.0000 48.3839 50.1597 44.1475 3.0000 13.9284 15.6205 23.5372 25.9615 22.0227 34.8281 18.2483 16.7631 22.4722
35.0000 10.7703 2.0000 0.0000 58.5235 54.1202 53.8516 50.2892 52.0000 46.0977 3.6056 15.8114 14.1421 25.4951 25.4951 22.0227 36.1248 20.2237 16.2788 24.3516
57.0088 59.1692 56.6480 58.5235 0.0000 5.8310 5.0000 8.6023 7.0000 14.1421 57.7754 42.7200 65.7647 33.5410 60.2080 54.0370 31.7805 41.8808 58.1378 34.1760
55.7136 54.1202 52.2015 54.1202 5.8310 0.0000 5.3852 4.0000 6.4031 8.6023 53.1413 38.3275 62.2013 28.7924 57.8705 51.4782 30.4631 36.7151 55.0091 29.8329
52.2015 54.9181 52.0000 53.8516 5.0000 5.3852 0.0000 5.3852 2.0000 11.1803 53.2259 38.0789 60.8276 29.1548 55.2268 49.0408 26.9258 37.8021 53.1507 29.5466
52.0000 50.6063 48.3839 50.2892 8.6023 4.0000 5.3852 0.0000 5.0000 5.8310 49.3964 34.4819 58.2151 25.0799 53.9351 47.5184 26.8328 33.2866 51.0098 25.9615
50.2892 53.2541 50.1597 52.0000 7.0000 6.4031 2.0000 5.0000 0.0000 10.4403 51.4296 36.2491 58.8558 27.4591 53.2353 47.0425 25.0000 36.2353 51.1566 27.7308
51.4782 45.6180 44.1475 46.0977 14.1421 8.6023 11.1803 5.8310 10.4403 0.0000 44.9222 30.4138 55.0000 20.6155 52.2015 45.6070 27.0185 28.1780 48.3735 22.0907
38.0526 7.2801 3.0000 3.6056 57.7754 53.1413 53.2259 49.3964 51.4296 44.9222 0.0000 15.2643 17.6918 24.3516 28.8617 25.0200 37.2022 18.0000 19.6469 23.7065
33.5410 18.6011 13.9284 15.8114 42.7200 38.3275 38.0789 34.4819 36.2491 30.4138 15.2643 0.0000 25.4951 10.0000 28.2843 22.0227 23.7697 9.4340 21.0950 8.5440
26.9258 24.4131 15.6205 14.1421 65.7647 62.2013 60.8276 58.2151 58.8558 55.0000 17.6918 25.4951 0.0000 35.3553 15.8114 16.2788 38.0132 32.6956 9.2195 33.0606
39.0512 25.8070 23.5372 25.4951 33.5410 28.7924 29.1548 25.0799 27.4591 20.6155 24.3516 10.0000 35.3553 0.0000 36.0555 29.4109 22.0227 9.4340 30.0832 3.6056
11.1803 36.1386 25.9615 25.4951 60.2080 57.8705 55.2268 53.9351 53.2353 52.2015 28.8617 28.2843 15.8114 36.0555 0.0000 6.7082 29.0689 37.5366 9.2195 32.7567
13.0384 32.1403 22.0227 22.0227 54.0370 51.4782 49.0408 47.5184 47.0425 45.6070 25.0200 22.0227 16.2788 29.4109 6.7082 0.0000 23.5372 31.4006 7.2111 26.0768
25.2982 42.0595 34.8281 36.1248 31.7805 30.4631 26.9258 26.8328 25.0000 27.0185 37.2022 23.7697 38.0132 22.0227 29.0689 23.5372 0.0000 30.2655 29.1548 19.0263
42.9418 17.4642 18.2483 20.2237 41.8808 36.7151 37.8021 33.2866 36.2353 28.1780 18.0000 9.4340 32.6956 9.4340 37.5366 31.4006 30.2655 0.0000 29.8329 11.4018
19.2354 26.9258 16.7631 16.2788 58.1378 55.0091 53.1507 51.0098 51.1566 48.3735 19.6469 21.0950 9.2195 30.0832 9.2195 7.2111 29.1548 29.8329 0.0000 27.2029
35.4683 26.1725 22.4722 24.3516 34.1760 29.8329 29.5466 25.9615 27.7308 22.0907 23.7065 8.5440 33.0606 3.6056 32.7567 26.0768 19.0263 11.4018 27.2029 0.0000
